1239608
1406054
1956469
294453
263652
1152492
1546288
1256537
1420238
1049279
1627546
465199
785248
1106852
1370290
588960
1830368
435381
9843
1320890
1299824
1661250
1907642
1205308
2410993
1434822
1501902
140784
1197017
110431
43592
2051646
2212223
1996449
2317055
2498896
2491551
1473072
780165
1121717
210436
219865
327323
594682
1931290
2338276
1630205
1261515
2380336
778748
1051615
1787123
1515788
1742412
7466
678825
1899043
1283982
1229360
1765975
2098285
904735
721979
1918781
1790131
1189745
650654
189989
496947
1639153
988739
594062
460227
1044665
2203658
2468312
500470
1646472
1509426
2107355
572366
907690
643023
1331534
232669
1087926
1781350
2071101
797497
885406
1130977
299851
225652
467490
1550833
2134137
2302641
1693590
289789
467924